place(-3.298, 1.000, -24.389, "Scout", 500)
upgrade(-3.298, 2.350, -24.389, 350)
upgrade(-3.298, 2.350, -24.389, 300)
place(-6.602, 12.112, -20.857, "Sniper", 390)
place(-6.357, 12.112, -17.750, "Sniper", 597)
upgrade(-6.357, 13.462, -17.750, 297)
place(-6.364, 12.052, -14.734, "Sniper", 872)
upgrade(-6.364, 13.402, -14.734, 572)
upgrade(-6.602, 13.462, -20.857, 432)
upgrade(-6.602, 13.462, -20.857, 1215)
upgrade(-6.357, 13.462, -17.750, 715)
upgrade(-6.364, 13.402, -14.734, 1145)
place(-9.660, 12.092, -20.782, "Sniper", 925)
place(-9.515, 12.112, -17.725, "Sniper", 625)
place(-9.431, 12.110, -14.504, "Sniper", 335)
place(-12.764, 12.074, -20.633, "Sniper", 1106)
place(-12.531, 12.101, -17.520, "Sniper", 1138)
place(-12.521, 12.112, -14.097, "Sniper", 838)
upgrade(-9.431, 13.460, -14.504, 543)
upgrade(-9.515, 13.462, -17.725, 398)
upgrade(-9.660, 13.442, -20.782, 253)
upgrade(-12.521, 13.462, -14.097, 1388)
upgrade(-12.531, 13.451, -17.520, 1621)
upgrade(-12.764, 13.424, -20.633, 1473)
upgrade(-9.660, 13.442, -20.782, 1323)
upgrade(-9.515, 13.462, -17.725, 823)
upgrade(-6.602, 13.462, -20.857, 1736)
upgrade(-9.431, 13.460, -14.504, 673)
upgrade(-6.357, 13.462, -17.750, 1963)
upgrade(-6.364, 13.402, -14.734, 3008)
upgrade(-9.431, 13.460, -14.504, 2050)
upgrade(-12.764, 13.424, -20.633, 570)
upgrade(-12.531, 13.451, -17.520, 3145)
upgrade(-12.521, 13.462, -14.097, 2645)
place(-15.601, 12.091, -13.802, "Sniper", 2272)
place(-15.497, 12.091, -16.951, "Sniper", 1995)
place(-15.801, 12.077, -20.209, "Sniper", 1815)
upgrade(-15.801, 13.427, -20.209, 1515)
upgrade(-15.801, 13.427, -20.209, 1365)
upgrade(-15.497, 13.441, -16.951, 865)
upgrade(-15.497, 13.441, -16.951, 715)
upgrade(-15.601, 13.441, -13.802, 275)
upgrade(-15.601, 13.441, -13.802, 504)
upgrade(-12.521, 13.462, -14.097, 2731)
upgrade(-12.531, 13.451, -17.520, 1506)
upgrade(-12.764, 13.424, -20.633, 2491)
upgrade(-15.801, 13.427, -20.209, 1510)
upgrade(-15.497, 13.441, -16.951, 3370)
upgrade(-15.601, 13.441, -13.802, 2622)
place(-2.468, 6.999, -36.631, "Sniper", 5629)
place(-5.496, 6.993, -36.562, "Sniper", 5329)
place(-8.562, 6.926, -36.830, "Sniper", 5029)
place(-11.583, 6.931, -36.753, "Sniper", 4729)
place(-14.599, 6.926, -36.830, "Sniper", 4439)
place(-17.621, 6.926, -36.716, "Sniper", 4149)
place(-2.515, 6.999, -39.670, "Sniper", 3879)
place(-5.595, 6.986, -39.631, "Sniper", 3589)
place(-8.721, 6.926, -39.859, "Sniper", 3359)
place(-11.761, 6.926, -39.783, "Sniper", 3069)
place(-14.789, 6.928, -39.926, "Sniper", 2849)
place(-17.892, 6.926, -39.994, "Sniper", 2619)
upgrade(-2.468, 8.349, -36.631, 2399)
upgrade(-2.468, 8.349, -36.631, 2259)
upgrade(-2.468, 8.349, -36.631, 1759)
upgrade(-5.496, 8.343, -36.562, 339)
upgrade(-5.496, 8.343, -36.562, 662)
upgrade(-5.496, 8.343, -36.562, 3682)
upgrade(-8.562, 8.276, -36.830, 3039)
upgrade(-8.562, 8.276, -36.830, 2889)
upgrade(-8.562, 8.276, -36.830, 2389)
upgrade(-11.583, 8.281, -36.753, 889)
upgrade(-11.583, 8.281, -36.753, 739)
upgrade(-11.583, 8.281, -36.753, 1519)
upgrade(-17.621, 8.276, -36.716, 4195)
upgrade(-17.621, 8.276, -36.716, 4045)
upgrade(-17.621, 8.276, -36.716, 3694)
upgrade(-2.515, 8.349, -39.670, 2441)
upgrade(-2.515, 8.349, -39.670, 2292)
upgrade(-2.515, 8.349, -39.670, 1989)
upgrade(-5.595, 8.336, -39.631, 687)
upgrade(-5.595, 8.336, -39.631, 538)
upgrade(-5.595, 8.336, -39.631, 1513)
upgrade(-8.721, 8.276, -39.859, 372)
upgrade(-8.721, 8.276, -39.859, 733)
upgrade(-8.721, 8.276, -39.859, 3776)
upgrade(-11.761, 8.276, -39.783, 3238)
upgrade(-11.761, 8.276, -39.783, 3088)
upgrade(-11.761, 8.276, -39.783, 2593)
upgrade(-14.789, 8.278, -39.926, 1088)
upgrade(-14.789, 8.278, -39.926, 938)
upgrade(-14.789, 8.278, -39.926, 1588)
upgrade(-17.892, 8.276, -39.994, 1288)
upgrade(-17.892, 8.276, -39.994, 1288)
upgrade(-17.892, 8.276, -39.994, 1832)
place(-8.041, 6.053, -21.225, "Sniper", 5496)
place(-8.029, 6.053, -24.229, "Sniper", 5246)
place(-8.120, 6.053, -27.498, "Sniper", 4976)
place(-11.150, 6.053, -27.669, "Sniper", 4746)
place(-11.406, 6.053, -24.653, "Sniper", 4646)
place(-11.356, 6.053, -21.551, "Sniper", 4596)
place(-14.566, 6.053, -21.651, "Sniper", 4873)
place(-14.162, 6.053, -28.133, "Sniper", 4828)
place(-14.424, 6.053, -24.721, "Sniper", 5128)
place(-17.238, 6.053, -28.208, "Sniper", 4828)
place(-17.531, 6.053, -25.027, "Sniper", 4528)
place(-17.807, 6.053, -21.753, "Sniper", 4853)
place(-21.014, 6.053, -21.465, "Sniper", 4803)
place(-20.610, 6.053, -24.576, "Sniper", 4969)
place(-20.243, 6.053, -27.839, "Sniper", 4978)
place(-23.463, 6.053, -27.945, "Sniper", 4928)
place(-23.739, 6.053, -26.023, "Sniper", 5176)
upgrade(-21.014, 7.403, -21.465, 5253)
upgrade(-21.014, 7.403, -21.465, 5103)
upgrade(-21.014, 7.403, -21.465, 4611)
upgrade(-20.610, 7.403, -24.576, 3153)
upgrade(-20.610, 7.403, -24.576, 3005)
upgrade(-20.610, 7.403, -24.576, 2506)
upgrade(-20.243, 7.403, -27.839, 1028)
upgrade(-20.243, 7.403, -27.839, 880)
upgrade(-20.243, 7.403, -27.839, 4228)
upgrade(-17.238, 7.403, -28.208, 3795)
upgrade(-17.238, 7.403, -28.208, 3645)
upgrade(-17.238, 7.403, -28.208, 3146)
upgrade(-17.531, 7.403, -25.027, 1645)
upgrade(-17.531, 7.403, -25.027, 1495)
upgrade(-17.531, 7.403, -25.027, 1595)
upgrade(-17.807, 7.403, -21.753, 595)
upgrade(-17.807, 7.403, -21.753, 1294)
upgrade(-17.807, 7.403, -21.753, 1895)
upgrade(-14.566, 7.403, -21.651, 1278)
upgrade(-14.566, 7.403, -21.651, 1128)
upgrade(-14.566, 7.403, -21.651, 2502)
upgrade(-14.424, 7.403, -24.721, 12346)
upgrade(-14.424, 7.403, -24.721, 12199)
upgrade(-14.424, 7.403, -24.721, 11699)
upgrade(-14.424, 7.403, -24.721, 10246)
upgrade(-14.162, 7.403, -28.133, 6296)
upgrade(-14.162, 7.403, -28.133, 6158)
upgrade(-14.162, 7.403, -28.133, 5697)
upgrade(-11.150, 7.403, -27.669, 4275)
upgrade(-11.150, 7.403, -27.669, 4147)
upgrade(-11.150, 7.403, -27.669, 3646)
upgrade(-11.406, 7.403, -24.653, 2196)
upgrade(-11.406, 7.403, -24.653, 2047)
upgrade(-11.406, 7.403, -24.653, 1546)
upgrade(-11.356, 7.403, -21.551, 1446)
upgrade(-11.356, 7.403, -21.551, 1505)
upgrade(-11.356, 7.403, -21.551, 1878)
upgrade(-8.120, 7.403, -27.498, 628)
upgrade(-8.120, 7.403, -27.498, 721)
upgrade(-8.120, 7.403, -27.498, 1978)
upgrade(-8.029, 7.403, -24.229, 478)
upgrade(-8.029, 7.403, -24.229, 928)
upgrade(-8.029, 7.403, -24.229, 2115)
upgrade(-8.041, 7.403, -21.225, 928)
upgrade(-8.041, 7.403, -21.225, 779)
upgrade(-8.041, 7.403, -21.225, 7782)
upgrade(-8.041, 7.403, -21.225, 8640)
upgrade(-8.120, 7.403, -27.498, 5105)
upgrade(-8.029, 7.403, -24.229, 9319)
upgrade(-11.356, 7.403, -21.551, 13319)
upgrade(-11.406, 7.403, -24.653, 12119)
upgrade(-11.150, 7.403, -27.669, 8119)
upgrade(-14.162, 7.403, -28.133, 4119)
upgrade(-14.566, 7.403, -21.651, 12992)
upgrade(-17.807, 7.403, -21.753, 9892)
upgrade(-17.531, 7.403, -25.027, 6024)
upgrade(-17.238, 7.403, -28.208, 4417)
upgrade(-6.602, 13.462, -20.857, 4242)
upgrade(-6.357, 13.462, -17.750, 4097)
upgrade(-6.364, 13.402, -14.734, 8797)
upgrade(-9.431, 13.460, -14.504, 7842)
upgrade(-9.515, 13.462, -17.725, 3842)
upgrade(-9.660, 13.442, -20.782, 2942)
upgrade(-9.515, 13.462, -17.725, 4492)
upgrade(-9.660, 13.442, -20.782, 5128)
upgrade(-15.801, 13.427, -20.209, 17666)
upgrade(-15.497, 13.441, -16.951, 14041)
upgrade(-15.601, 13.441, -13.802, 10041)
upgrade(-21.014, 7.403, -21.465, 6041)
upgrade(-20.610, 7.403, -24.576, 5480)
upgrade(-20.243, 7.403, -27.839, 4180)
upgrade(-12.764, 13.424, -20.633, 13170)
upgrade(-12.531, 13.451, -17.520, 9170)
upgrade(-12.521, 13.462, -14.097, 5930)
upgrade(-2.468, 8.349, -36.631, 4120)
upgrade(-5.496, 8.343, -36.562, 5418)
upgrade(-8.562, 8.276, -36.830, 13358)
upgrade(-11.583, 8.281, -36.753, 12770)
upgrade(-14.599, 8.276, -36.830, 8770)
upgrade(-14.599, 8.276, -36.830, 8621)
upgrade(-14.599, 8.276, -36.830, 8121)
upgrade(-14.599, 8.276, -36.830, 6620)
upgrade(-2.515, 8.349, -39.670, 4314)
upgrade(-5.595, 8.336, -39.631, 4084)
upgrade(-8.721, 8.276, -39.859, 17657)
upgrade(-11.761, 8.276, -39.783, 14457)
upgrade(-17.621, 8.276, -36.716, 10457)
upgrade(-14.789, 8.278, -39.926, 7257)
upgrade(-17.892, 8.276, -39.994, 4057)
upgrade(-3.298, 2.350, -24.389, 2480)
upgrade(-3.298, 2.350, -24.389, 2730)
place(-6.458, 1.000, -24.410, "Scout", 5381)
place(-23.326, 6.053, -27.844, "Sniper", 6665)
upgrade(-23.326, 7.403, -27.844, 6365)
upgrade(-23.326, 7.403, -27.844, 6216)
upgrade(-23.326, 7.403, -27.844, 5718)
upgrade(-23.326, 7.403, -27.844, 4229)
